19 431 22 350
8 149 12 80
6 809 18 0
32 997 7 0
37 421 15 275
32 280 14 213
14 964 10 0
34 528 17 274
1 65 11 69
5 185 12 77
21 837 8 0
28 847 7 0
27 758 2 253
23 918 12 0
15 855 8 0
29 708 13 226
18 957 2 0
22 100 16 74
4 929 18 0
1 608 18 75
8 693 2 124
35 215 2 168
28 399 8 293
32 395 22 271
34 324 3 261
20 468 7 376
27 117 14 124
18 827 5 0
34 600 8 274
17 158 1 164
28 322 7 263
7 542 20 152
27 370 3 324
28 637 8 267
38 124 10 99
5 741 23 77
5 452 8 96
33 954 17 0
38 16 12 67
11 158 2 143
3 505 4 71
24 110 13 99
14 373 11 302
25 800 19 0
36 883 20 0
28 691 16 252
33 924 15 0
35 399 1 274
2 617 2 76
13 17 13 81
10 644 17 150
16 334 12 308
2 822 2 0
26 910 12 0
26 229 3 257
36 476 5 345
20 436 5 428
19 334 14 307
31 930 13 0
24 145 14 152
12 796 14 129
25 961 9 0
24 565 14 329
15 584 12 350
1 900 5 0
24 338 3 330
12 862 20 0
10 122 17 89
35 104 1 77
32 679 12 231
18 802 17 0
23 910 15 0
35 184 17 149
37 947 20 0
37 275 4 226
16 300 13 295
38 762 4 261
25 298 13 267
11 459 12 225
1 669 12 83
29 521 10 285
17 142 8 145
16 438 10 349
4 912 20 0
15 975 9 0
24 112 4 121
13 306 17 187
8 627 13 166
34 371 2 255
12 799 22 133
13 49 21 82
36 974 21 0
11 715 4 229
26 200 13 188
31 557 20 275
16 884 12 0
33 894 16 0
28 48 16 81
21 131 21 131
10 491 23 220
1 589 13 72
9 233 12 67
18 320 23 302
25 281 12 260
23 210 2 226
23 956 3 0
39 265 3 219
1 96 2 72
24 159 7 185
9 942 15 0
8 856 17 0
7 529 12 145
12 799 7 143
39 427 10 274
10 572 12 200
20 401 4 434
25 644 9 291
1 402 5 73
20 149 22 155
24 394 19 323
36 884 2 0
6 802 5 0
14 214 17 204
20 780 22 270
30 683 17 229
6 349 16 121
27 915 4 0
39 820 20 0
6 628 5 167
27 636 4 335
34 613 5 323
12 684 19 176
16 760 2 280
17 357 7 325
5 731 5 97
27 571 17 306
18 225 15 236
1 186 8 75
2 52 10 68
8 433 15 175
35 716 17 215
23 736 16 262
27 139 23 157
14 431 19 304
10 808 1 0
20 326 9 300
22 972 19 0
35 643 5 296
39 610 22 268
14 347 21 294
19 698 6 348
38 118 5 93
13 346 9 235
3 460 22 69
25 303 11 271
1 536 10 67
10 123 22 103
31 734 3 243
29 387 13 267
30 512 19 275
30 860 21 0
37 502 13 275
19 326 19 304
5 122 21 76
35 78 11 70
17 744 13 277
9 240 2 104
10 366 18 162
34 965 17 0
16 219 14 225
20 76 15 70
19 639 12 326
33 481 18 275
11 694 23 158
28 652 11 263
14 447 17 301
28 416 19 298
32 825 5 0
23 252 22 260
30 423 9 275
6 388 11 125
22 844 2 0
36 737 4 263
37 585 16 275
8 331 17 120
28 715 9 243
24 258 19 254
20 152 11 158
9 448 12 182
15 245 4 328
14 103 5 97
30 713 23 216
4 331 6 79
23 944 3 0
37 517 20 275
19 155 21 162
38 414 2 276
19 44 7 78
11 318 23 149
29 824 14 0
29 258 3 234
1 218 11 68
28 171 8 159
23 560 4 407
11 849 22 0
36 979 10 0
24 187 20 193
18 626 22 333
5 617 16 99
8 237 16 69
3 939 3 0
13 38 21 83
24 316 23 276
15 919 14 0
12 490 13 258
17 467 5 424
4 102 6 74
25 844 14 0
25 263 23 256
23 160 21 168
36 102 17 76
33 388 5 326
21 702 21 287
12 588 5 321
6 372 12 124
30 437 12 274
24 986 13 0
22 410 21 338
27 310 2 295
10 647 15 172
23 261 2 279
38 752 1 199
6 439 9 113
30 573 23 274
27 492 16 303
36 192 18 154
23 541 4 413
12 947 22 0
5 167 7 107
5 509 3 91
17 365 3 369
30 673 19 234
24 356 4 345
39 703 15 220
38 649 19 246
18 720 12 288
5 341 16 104
7 16 8 76
11 881 19 0
13 872 8 0
28 201 15 173
35 751 6 249
14 554 17 322
21 642 6 352
25 466 20 319
2 322 11 76
8 492 9 159
34 460 18 274
29 230 7 200
31 282 7 239
39 570 2 278
3 719 9 74
11 472 2 251
39 844 16 0
23 518 8 329
13 846 6 0
4 730 4 72
35 637 19 252
36 193 15 155
32 224 6 172
38 272 9 209
3 419 6 73
14 953 13 0
14 570 23 305
6 228 15 82
38 356 16 244
12 457 13 260
5 351 17 103
6 728 23 96
13 613 23 258
34 991 5 0
13 431 19 279
19 271 5 345
37 620 3 305
38 913 10 0
2 209 18 70
21 965 18 0
7 303 4 173
9 554 4 233
9 378 16 167
2 954 17 0
20 324 22 300
13 269 13 190
33 311 20 223
25 984 22 0
19 816 6 0
32 313 18 224
10 53 11 68
24 52 15 74
2 48 3 78
20 110 10 96
6 383 6 153
1 974 5 0
34 662 8 239
38 891 19 0
18 608 4 419
12 167 8 134
6 534 15 124
26 615 11 299
26 903 9 0
10 128 12 77
10 188 4 154
19 124 23 121
7 368 17 148
22 476 13 336
39 795 17 199
7 959 14 0
30 877 6 0
19 677 15 307
9 650 2 179
13 748 16 159
29 127 7 111
20 316 4 369
3 576 14 71
30 329 20 230
25 547 9 318
35 775 5 263
9 748 4 157
16 44 7 80
30 896 21 0
38 433 15 275
32 589 17 275
30 124 14 99
20 596 20 346
24 676 12 279
6 717 7 129
16 425 14 350
33 826 3 0
26 299 9 264
15 107 9 94
15 15 14 75
10 624 12 195
2 88 3 73
3 833 8 0
12 161 2 153
10 261 4 174
28 422 7 333
35 480 14 274
32 401 14 275
7 145 15 79
16 579 18 349
15 817 14 0
36 70 16 69
31 575 17 274
18 458 13 350
39 160 20 131
20 634 8 329
32 832 20 0
6 704 10 110
4 617 18 76
8 329 16 118
38 311 5 251
26 335 11 272
22 38 14 70
32 145 7 120
26 789 9 236
24 269 9 260
38 24 9 67
20 51 8 69
19 496 18 350
18 232 6 296
22 837 21 0
9 910 5 0
14 420 6 358
37 848 7 0
13 258 21 177
22 551 15 335
16 133 3 167
33 924 8 0
15 544 9 350
34 863 11 0
29 278 21 218
9 503 23 197
7 620 3 185
10 269 16 97
22 775 19 264
33 898 14 0
38 160 23 131
38 858 22 0
15 449 3 399
23 201 22 208
28 977 21 0
38 301 17 219
17 596 10 349
33 389 5 322
2 88 12 71
36 639 23 251
13 689 19 202
10 866 22 0
38 701 13 221
2 618 7 78
10 347 15 162
10 795 18 78
13 841 18 0
13 30 12 82
24 985 22 0
20 200 5 255
37 926 16 0
37 12 6 74
31 400 10 274
31 33 13 75
36 879 7 0
18 448 13 350
33 595 15 275
27 716 18 250
15 810 16 0
17 90 9 71
31 842 2 0
12 888 10 0
35 740 7 234
15 977 6 0
37 182 9 148
24 400 8 328
34 900 6 0
4 88 2 73
4 859 5 0
14 196 11 196
35 955 22 0
25 390 16 314
4 774 23 73
39 146 6 124
31 956 10 0
2 713 8 75
20 932 16 0
28 144 4 154
4 47 8 75
4 735 22 74
10 369 6 226
17 91 8 72
34 85 14 71
27 749 19 229
17 965 4 0
24 576 15 325
36 856 21 0
31 929 14 0
14 647 18 253
26 520 13 309
39 802 18 0
17 491 11 350
9 367 19 153
23 676 12 285
34 197 22 158
23 24 11 71
21 733 4 339
29 721 20 216
22 568 22 339
38 958 22 0
29 143 17 127
21 431 10 342
5 354 20 91
4 844 7 0
35 419 20 275
6 832 21 0
36 616 22 264
6 127 21 81
33 318 16 226
25 992 1 0
29 226 23 186
2 288 16 69
1 867 2 0
22 301 10 282
7 584 3 194
30 293 5 243
32 61 5 73
7 965 19 0
21 917 10 0
25 606 15 316
20 42 14 67
3 488 21 71
16 241 20 258
34 931 19 0
32 668 22 236
8 213 13 73
7 204 22 78
30 650 18 245
15 624 15 334
5 411 9 87
28 90 8 80
23 76 21 71
23 488 22 332
1 560 4 69
14 220 23 221
16 549 7 388
14 453 5 389
29 641 12 250
10 276 20 90
29 712 7 241
19 125 18 123
32 675 4 277
15 986 6 0
25 253 17 247
38 948 1 0
11 385 10 223
36 535 8 275
36 620 11 262
26 242 13 232
31 826 22 0
39 270 15 208
5 406 17 103
6 421 14 118
7 447 19 147
27 975 6 0
20 199 13 207
36 831 7 0
12 897 11 0
28 88 19 81
38 969 2 0
9 862 2 0
22 263 19 270
23 581 20 332
30 31 12 76
13 283 10 178
36 987 15 0
32 118 10 92
1 232 16 67
21 412 11 339
28 217 7 204
24 651 20 290
1 481 10 66
29 880 3 0
27 590 18 300
14 231 17 234
29 249 10 206
10 137 8 87
35 840 13 0
31 281 2 233
3 277 14 70
38 52 22 68
24 427 14 327
28 212 4 201
37 680 8 230
4 636 4 79
16 707 13 293
4 707 8 76
7 118 7 98
16 752 21 274
5 271 20 82
3 715 13 74
19 430 22 350
3 641 17 80
4 213 18 72
1 429 18 70
17 847 20 0
7 652 6 177
11 88 8 72
13 819 18 0
34 117 10 92
11 790 17 120
35 945 12 0
4 381 7 77
14 97 12 80
23 603 7 365
20 765 12 271
34 625 14 259
5 992 9 0
33 607 1 270
35 520 8 275
17 408 5 433
23 862 23 0
23 94 12 73
21 27 13 68
13 984 21 0
39 193 20 155
6 257 11 87
25 611 17 310
2 945 6 0
11 770 20 108
39 763 17 199
13 289 17 196
22 549 4 403
30 846 3 0
33 273 17 210
26 716 4 300
28 991 19 0
17 760 5 335
24 203 19 205
1 264 11 67
33 628 3 302
27 815 3 0
8 233 10 69
18 544 9 350
7 90 22 77
15 575 23 350
30 772 6 249
5 819 22 0
30 837 14 0
37 897 23 0
32 718 20 214
34 868 19 0
13 345 13 221
34 98 3 75
7 457 23 137
25 760 4 307
20 483 11 347
3 278 18 70
9 877 14 0
34 48 17 70
34 57 13 70
15 972 3 0
1 32 11 66
24 633 10 300
31 463 4 342
34 800 4 0
38 185 20 150
29 151 21 136
10 740 8 98
8 496 4 204
34 65 17 70
21 38 15 67
27 984 3 0
36 827 13 0
28 519 2 329
17 992 14 0
20 420 7 355
21 233 2 272
25 946 19 0
1 914 12 0
5 142 2 105
25 71 22 78
8 925 4 0
13 455 9 279
2 394 4 74
7 336 2 153
23 587 6 390
38 789 22 199
3 843 17 0
28 305 1 241
16 99 13 74
18 19 1 68
29 184 9 147
19 943 20 0
30 753 18 200
12 182 2 141
20 156 1 162
15 148 20 153
23 341 18 289
1 855 19 0
10 299 19 110
32 296 9 219
6 307 21 118
33 99 23 73
31 443 5 345
5 886 23 0
6 881 17 0
14 798 15 219
4 505 2 72
10 389 8 194
18 45 22 68
37 298 20 218
18 863 17 0
32 676 15 232
8 906 13 0
39 695 11 223
27 914 16 0
15 28 15 75
24 315 17 276
30 143 6 118
19 89 22 71
2 161 13 81
16 706 17 294
27 927 15 0
22 876 7 0
1 260 19 66
32 558 9 274
35 375 19 256
15 346 5 390
39 863 10 0
32 776 21 200
24 857 10 0
15 375 18 331
16 979 10 0
24 698 23 275
5 975 6 0
38 237 18 188
32 825 18 0
20 864 22 0
29 382 11 261
5 37 6 79
39 480 8 274
14 107 11 96
4 834 23 0
13 162 6 197
12 679 23 190
29 943 21 0
5 25 12 77
12 439 1 257
14 898 23 0
1 514 11 66
37 677 14 232
11 182 8 124
17 359 4 371
23 589 3 386
32 439 23 275
14 353 2 333
19 572 19 350
2 275 8 72
2 234 11 69
39 573 17 275
20 343 13 306
16 664 13 313
9 66 7 75
33 341 16 236
11 869 18 0
16 806 20 0
7 196 17 78
32 822 15 0
32 191 20 154
6 890 2 0
16 861 11 0
30 801 3 0
14 790 1 215
16 709 3 335
6 788 3 128
24 770 21 249
14 761 6 269
19 608 6 401
1 340 10 81
7 114 1 75
17 642 21 324
29 688 10 231
10 271 21 96
16 694 17 299
31 424 5 340
7 87 13 77
17 935 13 0
39 218 1 174
13 252 13 181
36 675 19 233
24 779 4 314
30 71 2 76
3 733 2 72
27 473 14 303
8 186 15 74
2 44 23 67
13 139 9 148
27 998 12 0
14 487 6 345
30 796 10 199
2 401 11 73
9 233 11 67
17 182 6 225
8 466 11 173
14 461 20 312
23 22 19 71
36 41 13 67
27 17 22 82
38 920 13 0
33 593 23 275
14 525 19 340
33 94 1 72
39 123 19 98
38 477 10 275
31 714 1 216
19 128 16 127
36 708 7 254
26 489 21 314
9 886 14 0
17 657 3 362
16 441 7 371
32 835 23 0
2 943 5 0
30 216 13 167
11 580 11 242
24 657 17 288
25 347 14 284
36 761 13 199
5 388 20 101
20 321 14 300
28 460 19 293
26 52 22 82
11 838 6 0
7 349 16 135
17 412 14 350
29 565 20 279
16 899 20 0
3 203 5 71
21 526 10 342
28 870 12 0
30 541 7 290
9 313 20 106
17 61 21 70
25 154 8 163
27 306 3 299
4 506 13 73
35 913 13 0
26 391 2 344
20 513 3 398
5 775 4 101
10 555 10 215
6 165 12 81
23 184 8 192
14 648 2 240
25 619 8 306
9 160 22 81
4 532 18 73
25 699 13 270
8 208 13 73
9 707 13 99
19 802 22 0
9 697 14 106
27 490 21 308
29 772 5 281
13 222 21 183
18 166 11 174
22 237 19 246
34 756 20 200
37 879 14 0
37 825 6 0
15 831 10 0
33 392 7 276
34 933 12 0
17 733 19 282
16 673 10 309
27 903 22 0
1 129 6 81
3 358 8 80
22 675 21 293
7 176 11 79
10 742 15 99
31 742 7 223
31 155 4 128
39 194 22 156
30 245 2 193
33 596 4 333
28 961 23 0
34 570 6 315
17 296 15 293
16 876 11 0
1 333 23 79
35 933 14 0
2 524 12 67
24 553 18 328
9 146 17 80
1 93 21 72
38 345 5 276
37 216 21 172
19 132 4 154
10 547 16 219
16 39 17 71
20 913 17 0
7 214 21 80
3 256 23 69
16 272 6 326
18 515 17 350
17 690 10 301
7 724 19 96
11 722 3 195
33 675 22 233
29 769 13 211
12 567 11 247
36 51 15 68
18 337 4 368
3 744 9 71
31 371 14 253
38 112 23 86
7 920 18 0
27 208 20 185
34 20 9 69
8 785 12 69
26 636 15 293
13 949 7 0
16 810 19 0
24 870 8 0
6 131 5 116
13 687 2 245
1 609 20 75
28 949 1 0
18 66 13 69
13 92 6 82
38 560 20 275
30 771 23 199
19 895 15 0
1 477 16 67
31 520 18 274
21 405 20 341
15 153 17 159
5 213 20 76
16 487 10 350
25 415 5 385
9 700 18 104
10 30 19 68
18 860 9 0
29 419 16 276
17 917 12 0
6 979 10 0
36 594 9 274
33 488 21 275
20 335 21 303
5 428 3 88
5 198 20 79
34 888 10 0
12 636 20 212
7 350 23 136
14 908 21 0
5 190 4 100
35 360 12 246
3 979 9 0
36 142 11 116
28 528 10 297
34 473 4 331
4 141 23 79
19 991 23 0
14 130 14 130
19 388 13 340
30 163 22 134
3 442 19 69
38 252 3 203
20 890 17 0
1 198 5 72
38 340 3 272
10 846 2 0
7 138 1 80
10 287 17 114
21 864 10 0
20 295 18 287
5 670 21 108
14 195 5 230
31 134 13 109
21 511 15 341
17 803 7 0
22 214 9 223
16 525 18 350
6 370 1 128
5 232 6 107
38 227 21 180
12 311 5 281
10 218 18 84
16 455 11 349
17 913 11 0
2 30 13 67
10 211 21 82
17 714 9 291
39 310 2 237
39 254 17 201
37 876 16 0
23 414 9 331
33 957 20 0
21 163 11 170
10 492 6 265
6 791 8 81
29 447 5 360
22 476 10 338
34 981 19 0
28 795 3 257
13 482 8 268
6 370 7 138
3 980 2 0
14 481 1 336
22 551 8 335
39 115 14 89
12 829 19 0
7 405 3 177
34 307 20 222
1 154 6 81
35 68 2 69
9 329 8 118
16 241 12 257
4 908 21 0
6 285 11 106
23 516 20 332
31 787 22 199
1 335 7 80
34 358 22 245
12 31 15 80
28 974 17 0
28 737 5 278
21 404 22 341
10 211 18 72
1 533 3 75
4 534 23 73
9 605 6 215
9 123 19 76
6 438 7 152
13 685 21 215
35 912 7 0
14 640 18 254
29 409 21 282
6 243 23 81
15 828 22 0
11 881 10 0
33 35 5 71
25 915 22 0
12 365 12 214
2 38 10 68
24 884 19 0
20 803 8 0
39 216 19 172
21 258 22 273
38 590 21 275
18 376 6 380
18 367 18 325
24 229 9 229
17 173 19 180
28 668 3 288
39 217 8 173
23 884 15 0
37 681 3 266
33 747 8 201
21 456 1 342
25 456 13 319
13 179 14 163
7 41 21 76
12 464 2 288
39 634 4 298
39 482 10 275
17 567 14 350
13 90 10 82
37 332 18 231
27 475 13 300
37 760 1 199
9 360 23 145
31 445 17 274
12 665 22 186
22 415 15 334
20 590 16 347
38 129 1 104
38 147 20 121
31 269 2 223
38 694 21 224
16 109 5 109
18 857 22 0
27 391 17 291
13 617 4 315
15 35 15 74
26 581 4 378
13 658 12 217
20 830 16 0
17 963 21 0
18 403 21 350
25 806 4 0
19 64 17 69
7 977 2 0
25 673 23 276
9 395 18 188
10 505 14 216
10 28 21 66
30 196 12 154
38 597 10 274
4 968 8 0
12 622 19 233
15 395 5 412
19 576 7 369
10 801 5 0
2 345 7 82
1 664 17 83
13 401 21 278
24 165 8 173
27 343 4 313
9 401 5 249
16 627 2 348
31 640 5 305
26 659 15 276
1 984 7 0
16 174 5 222
38 593 3 307
21 675 23 296
23 79 23 72
33 692 7 250
8 465 17 170
29 270 18 227
34 268 2 222
37 303 21 220
12 278 9 144
29 132 9 110
39 32 4 67
10 603 22 216
34 356 20 244
12 389 23 231
38 613 4 328
32 355 10 243
15 408 22 350
24 739 14 258
29 550 23 286
11 720 2 162
30 904 19 0
25 407 2 335
1 921 22 0
34 934 7 0
26 587 10 311
37 860 3 0
28 290 9 249
14 250 5 300
37 547 17 275
27 829 8 0
20 777 23 269
36 143 13 117
34 507 17 274
2 338 11 81
28 632 15 275
8 272 19 83
6 952 14 0
18 861 18 0
10 468 11 220
32 496 23 274
6 711 8 107
27 257 15 233
22 156 14 163
24 961 23 0
33 775 8 199
34 933 8 0
10 270 23 87
22 480 18 337
4 862 6 0
37 826 8 0
37 939 5 0
18 856 23 0
4 943 22 0
4 597 16 75
23 645 9 299
5 749 4 98
29 995 4 0
4 792 15 74
33 334 20 232
2 342 5 82
21 207 23 216
15 344 9 312
39 226 5 179
4 544 17 75
9 823 13 0
33 876 22 0
12 529 4 299
19 656 8 317
13 975 21 0
2 557 9 69
34 420 5 344
3 567 2 70
20 86 14 71
3 98 7 74
32 676 13 232
8 275 7 88
26 672 13 272
2 712 13 75
20 910 19 0
2 825 1 0
31 413 6 325
19 117 5 131
31 827 15 0
33 592 2 297
7 630 6 194
23 201 21 207
5 707 20 96
35 386 22 263
2 519 17 67
24 255 13 255
13 852 6 0
39 797 16 199
20 175 3 225
20 775 17 272
9 72 14 69
14 809 19 0
23 275 1 270
20 535 1 349
4 870 10 0
24 978 6 0
19 810 12 0
15 17 4 74
39 317 14 225
16 588 20 350
5 826 20 0
34 566 21 275
12 748 2 171
27 59 11 83
13 672 17 205
36 987 22 0
24 833 16 0
26 934 6 0
35 797 20 200
19 181 8 189
36 596 12 275
35 87 21 71
25 836 5 0
17 171 6 219
5 649 18 97
16 270 15 284
29 503 4 342
21 458 14 341
29 129 11 110
10 675 13 138
31 318 14 226
22 732 17 271
27 154 18 161
34 746 15 201
24 190 6 225
39 845 7 0
4 375 10 77
26 306 22 265
37 761 9 199
26 605 17 308
32 665 3 275
10 897 20 0
28 140 7 164
30 715 15 215
37 797 11 199
39 939 11 0
28 272 19 238
15 753 15 275
1 407 10 73
11 68 14 70
10 346 18 135
10 358 8 150
32 426 12 275
18 319 11 301
33 232 17 183
15 972 20 0
15 611 12 342
30 795 20 200
12 508 22 246
35 41 12 69
14 510 21 321
7 153 15 81
22 481 9 338
13 844 22 0
17 221 19 230
19 488 23 350
19 62 15 68
35 523 8 275
33 592 4 331
4 654 5 82
17 655 18 318
12 67 20 77
37 322 9 227
10 468 22 224
4 109 19 74
5 802 2 0
28 676 5 318
17 260 16 279
36 996 21 0
3 580 8 72
37 952 21 0
35 877 7 0
1 708 23 76
29 169 23 140
8 687 23 114
18 317 8 300
36 677 16 232
14 625 21 282
3 877 23 0
29 913 19 0
4 124 17 76
18 63 8 70
21 525 7 355
13 188 4 218
36 635 6 300
39 278 12 211
7 531 2 165
10 650 13 166
28 966 16 0
2 590 11 72
29 641 14 263
12 760 18 128
24 889 22 0
16 828 13 0
39 81 10 70
23 942 12 0
10 338 17 153
22 345 15 294
17 476 13 350
16 639 5 397
4 612 4 75
26 456 11 317
21 952 17 0
23 130 14 133
24 130 20 132
35 365 7 270
39 955 2 0
11 288 12 125
5 458 16 103
7 379 8 151
20 356 22 318
37 853 13 0
29 801 16 0
26 993 10 0
38 68 10 69
18 843 23 0
22 394 8 328
20 491 21 346
21 383 5 400
13 759 15 183
5 265 22 88
22 129 4 161
11 360 4 226
1 358 17 80
35 487 16 274
35 253 23 201
28 280 16 240
14 231 7 271
19 652 23 319
19 492 12 350
20 335 20 304
4 658 16 82
8 665 4 189
25 854 9 0
28 120 12 122
28 560 13 298
15 826 6 0
19 650 7 355
18 192 7 212
30 894 16 0
7 204 22 80
5 97 21 78
6 167 17 82
7 650 19 143
2 341 14 82
19 301 23 294
5 621 15 105
27 372 6 322
9 117 18 75
21 957 4 0
22 665 4 348
37 597 15 275
39 735 4 275
7 869 8 0
8 503 22 170
1 448 11 68
13 224 17 177
19 885 20 0
35 718 16 213
18 32 16 67
32 981 3 0
26 572 17 314
39 994 12 0
24 697 12 272
19 777 19 274
16 663 6 364
20 214 4 276
28 574 22 296
23 843 14 0
30 657 12 242
19 758 3 318
22 222 2 249
12 62 20 75
1 117 1 75
37 601 4 330
22 823 16 0
15 119 6 138
23 266 17 265
3 994 12 0
12 641 15 210
27 608 8 299
26 80 21 84
38 293 18 216
16 976 13 0
39 65 8 69
4 297 22 73
27 147 13 155
28 982 2 0
11 526 19 244
3 645 9 80
27 73 16 83
14 507 23 343
32 840 14 0
26 124 18 140
26 140 7 172
39 829 11 0
30 672 21 234
24 95 10 75
27 196 15 180
23 91 9 72
26 218 8 205
39 565 9 275
26 344 23 279
6 646 6 147
21 467 6 405
17 132 10 133
15 94 5 75
7 701 1 108
14 469 19 322
21 618 20 326
19 922 19 0
9 395 5 247
4 32 20 73
21 638 9 310
24 416 11 326
37 311 7 251
24 780 4 300
38 786 15 200
18 950 16 0
2 85 10 71
8 196 16 72
16 780 11 275
13 272 2 217
21 310 2 293
11 874 12 0
31 332 14 231
25 188 18 190
36 119 12 93
28 387 12 286
26 565 17 317
2 175 3 77
22 775 14 262
34 47 14 70
20 791 5 342
14 912 4 0
12 540 18 258
18 545 13 350
9 145 10 80
35 872 21 0
6 905 16 0
2 762 23 68
29 925 4 0
18 401 12 350
25 296 2 291
20 36 19 67
33 113 8 87
30 199 12 156
14 56 7 81
13 16 14 82
31 43 6 74
18 283 7 305
18 857 2 0
29 314 16 240
22 830 21 0
5 238 10 79
9 344 7 139
29 230 11 183
31 358 12 245
31 451 17 274
24 427 18 328
24 320 2 302
38 627 3 301
19 230 17 242
19 698 17 297
31 19 10 74
38 721 6 260
3 247 5 69
22 142 8 147
7 904 2 0
37 62 11 68
16 144 16 148
38 125 22 100
27 944 3 0
39 157 22 129
9 748 20 70
30 825 22 0
39 481 11 275
16 265 19 282
29 857 16 0
34 470 21 274
13 724 6 214
32 946 16 0
18 112 3 125
24 967 17 0
1 148 22 80
22 82 8 71
4 198 13 72
18 377 20 332
9 195 13 73
37 187 18 151
23 358 4 346
10 268 10 85
33 47 21 71
2 257 19 68
9 574 19 189
28 113 15 112
27 254 23 228
27 790 20 226
31 31 15 74
32 390 12 266
18 625 2 361
19 715 12 290
4 787 11 74
10 84 15 71
16 316 14 300
17 518 21 350
20 915 19 0
20 82 8 71
10 334 15 132
2 709 17 75
39 272 19 209
39 559 8 275
20 371 2 355
14 611 22 298
32 737 6 260
32 84 4 73
14 340 21 257
7 148 5 122
37 983 7 0
31 664 3 276
29 297 2 257
21 995 10 0
21 917 8 0
24 468 5 394
9 348 16 134
35 33 20 69
35 731 16 208
11 521 23 244
2 807 3 0
37 750 2 218
31 613 23 266
4 112 5 74
4 619 17 76
9 540 5 231
32 169 1 138
32 672 21 234
35 277 19 211
18 815 15 0
28 581 23 297
39 356 19 244
38 361 17 247
38 885 8 0
21 337 17 297
26 857 15 0
31 292 19 217
22 489 22 334
27 860 21 0
30 614 10 265
25 665 16 281
29 358 11 256
15 762 20 275
4 331 14 79
20 626 13 326
18 397 1 347
28 329 17 249
19 887 17 0
39 737 20 205
7 332 18 122
39 60 22 68
15 472 14 349
22 667 22 296
23 715 9 270
13 37 6 81
10 474 17 216
5 918 8 0
32 846 2 0
29 461 3 326
27 77 10 83
15 776 18 274
37 712 23 216
6 152 12 81
35 960 9 0
18 161 14 168
14 14 11 81
37 865 16 0
1 950 13 0
19 192 1 200
21 227 1 238
10 399 17 211
29 332 18 236
17 586 15 350
32 77 7 77
31 282 12 214
8 900 20 0
14 429 11 299
14 751 17 268
35 751 10 199
35 494 9 274
17 771 17 275
6 829 5 0
34 65 8 72
37 72 11 69
34 783 12 199
29 600 6 331
9 736 14 78
35 294 16 217
3 763 12 70
7 856 14 0
37 309 1 222
1 633 21 78
14 39 5 81
16 791 14 274
20 538 3 393
9 403 3 214
8 707 12 99
2 705 23 76
28 43 17 81
20 741 19 275
19 858 15 0
19 83 8 71
11 986 17 0
9 573 3 219
26 319 15 271
11 349 15 175
15 485 2 357
15 59 22 77
14 866 14 0
16 69 14 71
3 159 6 81
33 566 19 274
14 978 16 0
30 506 13 275
21 326 14 298
37 473 13 275
20 468 11 349
1 101 5 73
39 186 21 151
23 408 2 336
31 711 15 216
5 583 12 84
23 815 17 0
32 382 4 312
6 872 13 0
4 423 21 74
3 491 9 71
16 730 22 283
14 886 4 0
1 549 15 68
9 59 3 72
31 620 5 313
31 933 4 0
2 979 7 0
28 175 9 153
28 69 9 80
24 86 18 75
11 322 18 163
32 64 15 72
36 194 11 156
17 777 23 275
23 745 12 258
20 598 4 408
35 820 2 0
38 669 11 236
16 210 21 216
8 677 8 122
9 963 7 0
10 368 21 181
29 241 11 201
34 876 12 0
18 986 14 0
23 263 6 311
8 498 15 159
29 576 17 276
30 257 8 204
39 420 10 275
17 655 16 318
29 233 16 193
24 293 18 270
39 896 16 0
14 455 4 357
4 804 4 0
32 956 14 0
1 789 20 67
12 351 14 191
9 716 14 92
34 757 5 256
1 967 6 0
24 912 5 0
17 940 2 0
22 917 9 0
13 251 4 235
37 929 2 0
5 574 16 94
23 464 2 350
5 51 14 77
33 436 9 274
38 751 21 199
29 619 3 309
2 240 4 67
13 235 18 162
32 96 5 73
11 556 6 290
29 369 19 261
38 630 7 281
1 367 2 78
20 822 9 0
24 671 4 346
24 117 14 111
37 155 23 128
34 591 19 275
1 830 8 0
31 770 22 200
7 537 14 149
4 168 17 79
9 607 6 242
36 623 17 260
6 363 8 122
32 169 22 139
8 575 19 159
29 137 16 112
7 797 13 80
30 392 8 268
31 433 15 275
19 41 11 67
21 664 7 346
10 393 10 205
2 581 18 71
20 220 17 231
13 422 1 269
15 955 18 0
10 990 8 0
31 87 19 75
24 805 2 0
14 557 3 361
2 204 13 71
8 413 21 174
24 968 9 0
36 71 23 69
32 331 20 231
17 401 6 394
31 689 14 226
20 145 14 150
13 656 7 253
18 41 17 68
31 101 20 76
37 700 19 221
38 250 19 200
33 753 4 266
33 362 19 247
32 248 15 198
32 507 19 274
18 581 16 349
18 541 12 350
15 203 13 204
10 789 6 142
20 653 23 311
20 723 11 283
32 371 8 253
10 859 7 0
24 426 16 326
14 186 18 189
13 319 11 219
36 380 16 259
28 728 5 306
35 358 14 245
21 711 16 283
20 132 21 133
5 274 7 106
10 434 4 299
9 78 7 75
3 828 12 0
33 989 22 0
5 677 1 86
36 959 8 0
26 160 21 167
10 539 10 224
36 62 10 68
21 38 19 68
11 814 8 0
11 740 15 114
16 25 20 71
31 474 13 274
16 733 3 329
17 390 15 341
2 62 4 69
23 177 18 185
12 942 22 0
12 705 6 231
39 594 17 274
13 75 10 82
12 906 5 0
36 971 21 0
29 673 8 241
7 111 22 81
13 952 18 0
24 827 1 0
37 425 18 275
33 768 19 199
18 680 13 305
33 297 6 253
15 883 5 0
18 34 17 67
10 968 14 0
35 280 5 229
27 771 8 225
12 423 4 303
20 736 12 277
35 661 18 240
36 337 15 234
31 473 16 275
17 880 19 0
24 383 13 310
29 775 10 204
30 578 10 275
7 890 23 0
2 408 23 73
37 178 5 145
27 787 13 227
36 850 10 0
34 686 23 227
20 301 4 358
26 912 6 0
7 931 21 0
21 615 13 325
26 622 18 298
30 821 4 0
13 628 12 234
39 996 14 0
24 739 23 256
35 379 12 258
5 714 18 99
23 620 5 388
8 770 5 177
27 671 10 262
32 759 18 199
36 889 12 0
35 210 5 168
21 130 16 131
38 91 11 72
2 164 15 80
35 518 11 274
3 274 11 69
36 768 20 199
21 905 7 0
10 736 20 86
12 680 2 213
31 631 22 255
19 937 6 0
16 20 17 73
37 871 11 0
8 927 21 0
13 787 9 181
31 578 18 275
38 852 23 0
29 430 4 332
9 24 8 72
21 779 11 268
6 745 4 126
30 276 23 213
36 801 8 0
27 74 18 82
1 990 7 0
27 965 12 0
7 394 14 146
35 586 13 275
31 573 22 274
9 696 11 107
24 789 23 254
35 369 3 286
29 823 12 0
30 888 11 0
23 485 19 331
1 55 7 76
26 610 3 354
18 908 10 0
32 114 23 88
1 598 19 73
26 384 3 348
35 451 16 274
16 192 20 199
37 746 10 201
8 413 20 170
18 867 4 0
12 901 16 0
25 213 12 206
9 93 11 72
22 936 7 0
15 701 13 296
10 794 6 168
25 793 22 243
10 977 3 0
17 593 7 383
19 735 9 281
14 284 19 219
19 305 17 296
4 627 23 77
19 124 23 120
18 999 12 0
12 332 20 191
12 373 1 219
15 705 2 319
10 171 9 107
31 198 16 157
20 955 18 0
30 264 11 207
8 154 12 81
18 962 5 0
39 390 2 267
2 27 19 68
11 784 3 187
1 597 17 73
14 603 13 293
17 136 19 138
7 789 5 148
20 42 6 79
4 172 20 78
5 122 3 88
22 681 11 289
19 461 10 350
30 871 7 0
8 22 15 69
26 902 8 0
25 707 15 266
12 218 18 130
1 53 8 71
6 510 16 133
2 529 3 78
38 982 14 0
1 414 16 72
36 956 10 0
11 871 17 0
25 453 7 352
37 392 10 268
13 814 5 0
36 451 7 307
24 120 11 115
26 94 18 84
38 613 20 266
17 730 10 283
24 624 14 308
37 382 6 303
3 703 20 77
25 873 13 0
11 406 15 237
5 926 20 0
26 911 9 0
24 278 17 264
29 429 10 285
31 793 21 200
4 970 9 0
38 211 16 168
18 697 16 298
37 513 19 275
11 113 4 120
27 881 18 0
11 762 12 99
16 482 8 350
32 199 23 158
11 706 23 156
15 893 5 0
37 646 4 295
25 319 9 273
22 812 18 0
23 109 10 95
13 755 12 192
8 632 20 161
34 120 16 95
34 303 23 220
21 337 1 297
9 380 11 169
27 736 23 237
30 516 9 274
17 745 19 277
20 408 23 347
32 565 20 275
19 87 4 71
18 919 3 0
33 449 21 275
16 637 9 327
7 508 13 139
19 882 20 0
37 419 8 275
39 961 16 0
25 261 18 254
29 719 17 226
8 714 16 94
13 642 7 252
9 43 14 67
15 205 22 207
11 388 6 253
5 411 17 85
4 985 6 0
27 283 23 252
34 113 4 87
11 915 2 0
26 706 11 261
2 32 22 69
32 43 13 72
32 399 10 274
20 358 11 318
35 458 2 276
29 815 23 0
24 610 1 317
22 54 6 82
16 802 5 0
14 720 11 215
17 556 20 350
25 707 23 266
38 823 18 0
30 956 10 0
29 860 20 0
9 194 18 73
21 477 18 343
32 991 2 0
11 669 2 211
3 898 16 0
8 919 22 0
22 44 8 73
33 347 23 239
20 497 9 345
2 453 16 69
13 704 23 184
7 843 3 0
22 873 12 0
1 94 19 72
20 662 23 312
35 587 22 275
1 454 10 68
19 706 18 294
17 227 15 238
4 935 1 0
28 593 21 292
22 300 18 281
37 152 4 125
33 625 8 259
33 735 13 206
26 181 15 176
27 706 13 257
5 638 18 104
25 970 13 0
10 692 15 134
32 869 10 0
6 386 17 125
34 440 2 286
19 647 14 322
25 886 11 0
15 965 5 0
23 336 22 287
10 926 3 0
19 839 6 0
6 642 16 121
10 927 20 0
31 147 20 121
31 165 13 135
11 745 6 168
3 691 19 79
9 845 11 0
22 881 21 0
14 488 7 356
26 514 23 310
9 631 6 204
36 606 5 327
36 812 10 0
2 962 8 0
22 329 7 296
20 874 3 0
3 971 4 0
23 717 15 271
20 353 14 311
34 415 16 275
3 686 4 80
2 256 7 79
35 277 5 228
4 524 4 75
10 278 1 105
4 603 2 74
7 681 7 153
28 450 18 291
29 764 18 205
7 498 11 155
7 692 21 112
15 877 10 0
21 950 23 0
6 364 1 109
1 658 6 82
17 607 10 345
5 539 20 88
36 445 5 343
20 774 23 274
14 330 10 276
24 902 3 0
31 411 15 275
21 924 8 0
20 484 8 347
11 172 16 126
16 424 11 349
28 391 12 283
25 367 23 291
21 490 11 344
7 613 18 140
39 373 5 303
18 181 14 189
11 178 10 122
21 528 5 417
20 111 10 97
23 388 5 391
7 421 8 147
11 339 8 156
14 244 8 224
37 635 20 254
20 884 1 0
37 533 13 274
9 348 10 134
25 637 23 294
37 966 23 0
11 503 2 252
22 55 18 68
18 61 15 68
38 86 21 71
20 899 8 0
20 665 13 310
12 197 18 141
28 336 12 253
30 880 1 0
15 353 11 317
35 500 15 275
21 143 7 159
39 585 19 275
19 924 14 0
2 401 16 73
32 619 13 262
18 569 5 425
9 651 3 184
1 260 22 67
27 606 22 302
16 701 14 296
37 197 9 158
1 250 17 66
28 750 2 245
13 997 18 0
4 173 19 78
21 133 10 135
33 378 5 311
31 163 10 134
36 423 2 301
12 363 4 304
36 511 4 339
6 321 4 163
1 579 12 71
13 206 15 185
17 504 10 349
8 304 3 168
30 890 19 0
5 972 12 0
32 763 16 199
16 254 14 277
12 379 22 221
20 558 19 349
15 437 23 349
11 503 20 226
27 894 9 0
37 579 23 274
22 117 6 136
10 909 13 0
22 243 2 278
32 385 5 322
37 840 21 0
23 597 9 330
11 58 17 69
20 784 12 274
25 567 4 376
8 418 14 158
15 288 20 292
5 351 18 85
35 76 4 71
19 222 18 232
11 821 3 0
34 855 5 0
2 985 5 0
29 128 11 111
19 209 22 218
7 715 20 93
33 103 22 76
18 274 17 285
20 962 18 0
39 512 22 274
16 329 5 374
16 145 19 150
25 659 23 281
2 825 4 0
11 677 9 165
23 624 11 312
16 921 2 0
24 37 22 76
12 669 19 183
12 613 23 238
33 606 16 270
37 693 11 224
7 483 11 145
35 368 17 251
28 788 8 219
9 45 21 67
13 79 22 82
13 573 15 275
34 193 13 155
36 933 10 0
8 88 14 71
14 982 22 0
17 503 11 350
14 868 23 0
1 624 20 77
30 768 17 200
29 731 18 218
28 860 9 0
38 621 22 261
18 633 17 329
4 214 15 75
7 554 8 138
21 928 16 0
39 95 16 72
21 582 2 352
34 21 10 70
39 186 6 151
2 755 12 69
10 434 21 216
5 321 5 101
32 570 19 275
32 569 12 274
15 786 9 274
27 655 11 273
38 255 6 209
18 779 20 275
26 80 21 83
33 692 14 225
12 318 13 189
22 975 8 0
7 968 23 0
5 46 12 77
29 848 9 0
15 106 16 90
37 52 1 68
17 997 3 0
5 687 17 80
15 629 10 332
9 910 17 0
25 288 6 307
14 130 8 130
34 330 7 252
11 915 1 0
7 707 15 105
1 742 2 70
23 784 23 255
39 649 11 246
35 410 15 274
4 600 15 74
32 276 20 212
14 913 18 0
26 495 16 310
16 548 4 440
15 934 7 0
6 974 12 0
22 787 6 307
19 809 15 0
11 291 23 124
26 734 20 248
14 413 17 339
3 568 8 70
32 522 21 275
18 25 18 67
18 293 10 292
32 686 21 228
32 490 17 275
39 779 17 200
31 70 16 74
16 193 11 201
9 615 23 174
12 275 21 150
5 775 20 78
36 996 19 0
28 490 2 315
8 942 9 0
25 582 11 322
27 134 16 153
27 267 9 245
17 690 8 301
8 787 2 97
33 113 21 87
17 177 23 185
9 363 3 190
33 874 11 0
3 26 13 71
15 263 10 282
6 816 21 0
32 301 12 220
6 732 5 138
23 953 7 0
31 683 13 229
23 142 21 147
26 36 15 82
25 890 17 0
35 283 7 242
3 696 16 78
15 292 4 351
32 529 6 317
26 578 9 316
32 587 1 275
39 730 21 209
39 578 17 275
7 469 17 140
4 996 4 0
26 27 10 81
38 593 23 275
20 22 4 67
14 106 18 97
5 492 21 87
38 886 20 0
13 246 18 187
8 402 3 206
35 256 5 207
4 995 21 0
28 680 12 255
24 537 11 325
38 431 20 275
24 937 20 0
37 907 12 0
29 715 3 258
33 489 23 275
17 717 18 289
8 525 16 175
1 580 3 75
13 24 9 83
34 298 6 248
11 502 9 227
10 374 17 173
24 457 17 326
33 859 11 0
23 905 2 0
4 120 3 75
18 746 12 276
31 851 21 0
10 195 10 93
21 562 14 342
5 403 22 101
21 144 12 148
6 323 18 114
36 715 12 215
26 605 16 306
8 204 10 73
24 267 15 260
23 487 23 332
38 752 3 239
25 423 6 363
2 141 18 79
8 920 14 0
11 736 12 123
26 468 9 317
26 358 20 277
12 301 13 168
30 370 15 252
9 748 9 70
35 779 21 200
13 83 22 83
4 647 5 81
27 671 5 323
35 315 9 225
9 778 9 67
26 563 20 311
37 460 9 275
28 938 7 0
25 724 16 258
25 606 10 318
3 977 22 0
27 273 23 246
32 31 4 73
27 621 9 292
9 133 16 77
2 665 23 84
31 168 12 138
17 208 16 217
20 691 16 298
39 638 2 281
26 895 8 0
25 785 4 305
28 271 16 238
39 746 10 201
25 375 2 311
23 858 4 0
8 235 15 69
15 189 6 239
7 791 15 77
11 185 18 105
27 100 21 83
1 504 16 66
34 540 11 275
31 745 21 202
19 635 14 328
2 29 1 67
4 321 11 76
28 276 5 263
7 433 4 200
6 247 2 117
18 74 14 70
9 864 4 0
23 43 23 72
20 157 5 201
32 361 20 247
7 461 4 195
37 743 23 203
12 520 23 254
12 547 15 252
22 276 19 272
2 808 18 0
19 328 18 305
25 22 9 78
38 109 18 83
38 945 9 0
36 214 14 171
5 346 8 82
38 970 20 0
38 52 9 68
11 203 4 202
2 434 14 70
22 65 17 69
15 332 17 307
23 336 11 287
37 105 6 89
24 276 11 263
27 828 12 0
36 798 18 199
2 433 4 70
12 947 10 0
21 959 11 0
34 453 22 275
25 719 7 292
32 415 18 275
9 489 23 186
7 609 22 137
5 308 17 84
30 199 22 156
22 61 13 70
34 178 6 145
22 137 12 140
23 129 13 131
12 844 4 0
31 929 13 0
31 122 6 96
26 291 16 262
33 400 22 275
28 66 6 79
17 779 9 275
22 364 21 306
21 186 19 194
20 984 7 0
28 17 5 80
15 675 5 383
15 918 23 0
16 481 5 427
36 535 17 274
12 942 12 0
19 679 4 371
35 803 19 0
11 778 11 120
29 520 20 281
2 217 20 69
37 37 16 67
5 902 4 0
3 671 3 83
31 263 19 206
37 501 15 274
37 142 8 116
31 109 3 85
9 176 3 136
37 218 15 173
6 900 7 0
8 223 17 72
4 964 18 0
31 650 12 246
25 826 21 0
2 146 10 80
9 85 6 82
33 543 23 275
15 806 7 0
16 357 16 319
13 731 9 187
8 840 2 0
35 766 12 199
25 556 17 323
21 943 17 0
36 925 23 0
20 720 6 322
39 833 5 0
11 920 8 0
15 141 2 157
26 630 2 317
6 75 21 81
28 441 14 295
35 765 12 200
9 207 11 70
4 899 17 0
4 234 10 72
31 617 10 263
16 675 21 308
15 192 11 198
2 694 9 78
37 414 12 274
2 318 15 75
34 517 17 274
4 990 23 0
14 320 7 269
32 559 11 275
23 766 13 256
13 758 13 191
7 193 23 76
10 580 17 218
38 359 21 245
39 898 6 0
24 647 21 289
17 976 4 0
2 175 15 77
35 651 19 245
11 591 19 235
38 353 14 242
25 855 18 0
10 920 9 0
30 103 22 81
6 53 11 80
25 525 13 322
35 124 4 99
6 165 17 81
18 535 16 350
36 796 20 199
10 907 4 0
13 527 10 268
1 609 18 75
39 460 22 275
3 993 7 0
22 553 14 337
15 366 2 354
33 435 5 339
35 700 14 221
30 255 11 203
4 413 7 78
3 424 7 75
2 259 14 68
15 334 4 361
14 266 2 292
33 32 6 76
33 415 13 275
17 116 22 107
6 111 2 95
16 99 9 73
14 792 20 207
9 599 14 183
32 106 4 80
32 729 7 215
25 946 2 0
24 189 17 194
14 887 11 0
36 279 17 211
30 826 6 0
20 512 5 438
24 150 6 194
12 531 16 257
38 160 3 131
9 250 19 66
6 949 21 0
26 812 2 0
37 900 18 0
4 161 5 81
9 610 4 242
39 772 6 234
27 697 13 257
22 825 5 0
27 302 18 256
20 978 3 0
32 962 7 0
13 560 8 275
12 413 12 246
14 332 1 261
8 729 14 84
37 217 5 172
1 320 10 76
37 92 14 72
18 378 15 332
7 607 15 145
19 188 14 196
7 238 5 138
34 902 23 0
19 302 6 348
17 700 10 296
24 843 18 0
23 773 14 259
14 679 21 233
28 787 10 224
37 667 8 237
5 222 21 79
8 880 5 0
28 693 2 289
36 44 8 71
39 80 14 70
37 409 17 275
2 549 8 71
22 39 18 70
9 559 23 194
39 787 3 232
35 259 17 204
23 289 11 271
27 675 1 267
25 642 23 293
27 57 8 82
37 589 8 275
18 895 23 0
5 819 21 0
2 439 5 70
22 561 11 336
38 61 7 75
4 266 9 72
24 202 12 202
27 13 22 83
29 325 8 239
10 766 16 91
20 906 9 0
18 226 8 237
11 391 16 225
11 330 6 226
27 997 6 0
7 60 13 80
35 897 8 0
14 932 4 0
37 378 4 310
18 337 5 373
37 90 23 71
31 595 18 274
5 982 6 0
28 199 22 175
10 263 4 200
5 700 16 102
28 442 5 362
34 149 19 123
28 519 20 298
9 951 13 0
17 562 3 406
3 961 9 0
3 178 12 76
7 870 12 0
1 257 9 67
30 153 22 126
10 485 22 219
26 447 13 313
28 22 2 81
16 999 12 0
34 527 15 275
4 650 1 81
31 169 14 138
29 422 22 286
18 717 14 289
15 932 9 0
13 877 18 0
8 666 7 167
38 481 4 330
25 43 12 78
34 956 14 0
36 682 5 303
7 430 21 141
34 947 11 0
38 300 21 219
2 540 14 68
18 703 12 295
28 727 3 270
39 26 6 78
2 80 15 70
39 767 11 199
12 32 15 80
24 398 5 402
22 442 8 335
33 598 1 274
33 474 11 274
39 435 4 343
23 965 15 0
8 296 3 148
17 853 11 0
14 86 3 80
27 480 10 302
26 140 15 154
28 996 21 0
11 342 22 168
27 836 19 0
27 288 23 251
3 244 20 70
8 67 21 71
8 993 14 0
32 591 6 323
24 162 23 170
20 194 8 202
16 149 1 154
19 838 3 0
4 411 15 73
14 406 6 365
7 495 14 142
1 268 11 67
29 381 2 298
9 507 15 188
23 181 22 189
30 862 2 0
17 530 8 350
23 366 22 299
29 271 4 252
29 842 8 0
23 235 17 242
12 98 3 77
34 487 9 275
12 358 22 206
2 235 19 67
16 381 23 335
27 130 4 175
9 397 14 193
38 346 7 264
27 850 14 0
27 568 14 305
20 346 21 311
34 260 17 204
34 291 2 238
33 516 4 330
23 99 19 73
13 616 8 246
20 53 18 68
31 431 12 274
22 887 17 0
13 503 17 290
5 683 11 89
8 551 11 158
30 735 8 207
35 384 7 277
26 980 20 0
4 466 15 72
14 347 19 265
37 225 3 177
21 332 6 348
35 739 9 205
28 559 17 299
26 216 10 202
28 701 3 284
8 323 3 148
38 905 12 0
34 700 13 221
8 313 16 106
39 222 19 176
1 306 20 73
34 938 23 0
2 529 18 68
30 972 20 0
12 130 17 129
32 535 7 301
4 316 7 78
21 672 10 300
37 431 22 275
3 218 6 79
7 969 9 0
14 934 5 0
18 724 9 286
25 284 11 260
3 970 16 0
28 155 23 144
15 780 2 303
15 844 3 0
28 745 21 223
23 836 14 0
1 854 22 0
22 427 4 425
37 274 5 224
36 413 17 275
22 426 3 392
36 352 6 280
17 154 1 160
27 64 14 83
24 669 4 343
15 854 8 0
1 915 21 0
30 82 2 77
33 752 13 200
37 576 14 275
21 232 13 243
31 247 12 196
14 712 18 267
33 931 22 0
7 553 6 174
2 99 1 73
8 414 2 160
32 104 17 77
12 320 1 186
15 298 11 295
36 927 6 0
33 622 15 260
10 816 21 0
34 60 16 70
2 17 2 69
5 358 22 103
11 267 1 114
29 450 11 280
28 491 13 296
3 900 2 0
1 703 3 78
17 868 10 0
36 917 20 0
25 974 22 0
4 553 8 74
2 306 3 76
2 925 4 0
27 550 23 302
1 984 14 0
38 347 21 239
9 455 15 192
6 947 2 0
33 692 2 235
21 566 6 407
28 388 23 280
34 732 10 208
7 98 16 76
17 21 1 71
17 564 12 349
15 884 21 0
19 287 3 331
7 317 8 109
33 330 4 264
20 995 14 0
24 884 1 0
2 822 12 0
38 916 3 0
38 624 10 259
6 421 19 112
39 986 21 0
26 646 11 287
8 347 5 192
25 657 13 284
31 541 18 274
15 600 14 349
14 177 17 182
3 489 22 70
30 733 16 208
39 189 16 152
33 294 3 244
8 656 5 196
39 207 10 165
24 640 21 297
21 115 17 105
32 937 23 0
7 824 21 0
16 141 22 145
6 755 19 82
39 400 17 275
2 194 10 73
22 723 2 300
30 445 6 327
25 404 8 322
39 603 11 272
20 773 22 270
10 87 21 71
23 505 14 331
36 815 14 0
3 940 19 0
29 59 20 79
30 123 11 98
20 319 1 296
11 661 7 208
28 380 9 277
16 589 14 349
11 336 15 171
36 261 8 205
35 182 22 147
38 326 9 229
38 339 5 271
6 703 4 142
38 16 10 66
29 357 9 252
25 161 19 169
11 788 18 104
25 534 4 392
39 171 4 140
27 414 13 301
13 404 2 318
5 586 15 99
12 492 4 325
8 992 18 0
14 434 19 319
26 131 16 150
34 805 13 0
31 20 20 75
1 655 18 82
10 557 10 210
25 654 1 284
8 583 13 168
38 832 7 0
29 273 19 217
5 153 4 94
29 700 11 224
32 242 17 191
1 634 8 79
36 904 16 0
27 875 8 0
20 449 6 385
21 724 7 301
25 623 7 306
23 68 5 73
2 488 3 72
33 871 20 0
21 80 15 70
5 956 9 0
33 448 9 274
28 456 4 358
29 283 20 226
14 340 4 316
11 917 6 0
36 200 23 160
6 583 9 125
5 74 3 79
8 40 23 72
18 741 17 278
4 414 5 75
23 421 9 333
27 510 20 309
39 169 8 138
10 953 6 0
29 816 7 0
3 871 16 0
19 596 13 350
9 919 15 0
16 313 21 299
35 154 18 126
3 689 6 79
12 727 20 165
1 777 10 67
38 520 13 274
29 719 2 257
5 845 21 0
4 805 13 0
26 564 4 378
3 779 4 70
29 810 1 0
25 417 22 323
31 292 9 218
31 719 9 213
39 737 13 205
23 308 12 277
25 217 8 212
10 224 1 85
37 929 14 0
3 690 2 79
33 586 18 274
14 955 21 0
36 997 1 0
23 997 18 0
3 515 2 71
20 386 15 330
5 932 13 0
34 630 17 256
38 699 13 222
22 483 22 338
32 460 9 274
30 167 1 137
38 829 19 0
26 25 20 82
2 23 2 70
8 393 12 165
1 665 11 84
32 182 17 148
7 764 20 78
38 303 21 220
23 556 23 333
24 634 11 300
30 56 2 77
36 912 16 0
24 224 20 222
8 131 13 77
22 810 13 0
22 14 10 69
5 728 17 92
35 135 6 109
36 573 1 275
34 449 7 298
19 487 17 350
34 55 14 70
37 578 20 275
38 603 4 336
11 104 20 83
36 267 15 207
18 270 22 283
36 586 6 322
31 347 12 239
8 604 10 168
12 946 13 0
30 612 13 266
16 967 10 0
29 648 19 251
22 380 1 312
19 660 8 315
8 440 13 170
21 288 21 280
27 481 5 373
37 350 8 240
5 609 15 86
4 820 18 0
8 467 15 171
35 700 12 221
6 782 19 82
8 840 3 0
13 570 15 284
18 110 18 96
25 764 17 248
37 72 13 69
34 889 6 0
30 751 20 199
23 252 5 313
17 657 8 317
6 605 16 114
27 433 17 304
21 82 1 70
24 352 6 341
3 856 12 0
39 575 17 275
28 430 2 332
5 977 5 0
32 695 22 223
33 33 5 72
8 150 2 116
7 41 14 78
22 526 2 356
35 962 22 0
17 556 21 350
32 981 8 0
8 865 23 0
37 868 20 0
35 445 23 275
20 95 7 77
36 697 3 263
24 937 23 0
33 673 8 234
36 356 22 244
30 801 7 0
13 148 22 162
3 782 17 70
27 625 2 317
37 796 5 261
22 482 19 336
29 468 14 276
35 35 15 69
24 775 22 251
19 251 7 299
34 405 15 274
30 507 15 274
6 142 10 82
34 13 23 70
15 596 2 385
10 608 2 209
6 90 9 83
1 993 23 0
25 305 1 269
19 394 5 418
19 309 6 342
32 719 3 252
37 720 2 232
7 620 17 145
32 483 16 274
39 996 22 0
11 705 17 156
15 188 18 194
7 823 9 0
6 769 5 113
10 685 16 138
15 611 3 387
27 65 10 82
23 311 14 280
7 469 3 184
25 406 3 367
30 889 15 0
12 909 10 0
38 279 16 211
34 144 1 118
3 925 17 0
37 90 2 71
6 382 20 114
19 898 21 0
9 631 23 162
30 361 17 247
3 735 19 71
24 983 21 0
8 866 21 0
5 205 23 78
19 719 12 288
8 286 15 92
30 28 13 76
33 647 2 253
4 239 1 74
9 998 19 0
37 187 21 151
38 642 11 250
37 984 18 0
16 810 14 0
8 994 5 0
6 138 18 82
11 886 3 0
9 883 5 0
25 109 1 103
28 314 5 277
34 325 9 229
13 917 10 0
23 632 23 305
27 562 19 304
17 836 19 0
3 927 20 0
36 224 10 178
5 571 13 85
33 326 9 229
35 974 14 0
36 465 19 274
20 246 1 268
4 570 14 74
18 263 4 341
2 91 9 72
1 835 3 0
20 297 16 288
35 799 6 238
19 859 12 0
34 932 14 0
34 655 8 243
33 875 10 0
26 438 23 310
6 591 11 128
6 872 9 0
35 506 6 310
13 871 8 0
38 897 4 0
14 932 15 0
22 563 18 338
3 233 3 75
35 951 16 0
21 35 12 67
23 355 4 344
23 553 6 391
36 278 8 212
33 218 16 172
22 874 2 0
20 880 19 0
28 15 4 80
33 679 8 231
32 645 6 288
16 133 4 159
20 192 17 199
10 86 21 71
8 568 3 206
39 787 2 225
24 305 9 273
19 151 4 194
14 769 21 258
1 616 22 76
29 665 19 251
32 947 20 0
23 143 20 149
8 353 20 138
19 958 13 0
14 331 22 247
3 885 17 0
19 891 20 0
36 362 20 247
27 701 15 260
25 489 3 369
14 579 22 300
31 835 16 0
20 193 7 227
17 990 7 0
14 633 23 303
13 680 1 227
18 785 13 274
33 509 14 274
37 199 21 159
6 759 23 81
12 780 19 139
7 705 8 100
26 470 10 309
32 487 6 320
31 54 2 74
28 375 19 270
25 519 17 317
10 400 10 224
18 742 9 278
30 278 3 233
21 808 4 0
15 908 17 0
6 843 13 0
24 619 11 313
10 861 7 0
32 129 18 104
2 702 5 77
34 716 8 214
18 913 11 0
10 488 20 218
24 178 10 186
5 768 4 92
24 484 21 327
29 544 6 323
25 283 22 262
26 936 7 0
21 314 22 293
37 932 18 0
25 280 20 262
32 305 20 221
21 416 1 343
21 39 12 67
23 341 19 292
22 687 20 284
16 216 20 221
4 744 22 72
19 189 23 197
2 813 6 0
36 711 12 217
1 405 11 73
37 557 12 275
23 665 15 287
27 276 1 245
2 372 16 78
12 499 6 303
25 632 14 301
21 117 15 111
31 779 19 199
17 550 17 349
37 256 4 207
20 108 12 92
20 240 13 258
21 646 13 312
13 493 18 289
26 472 8 314
39 896 17 0
20 646 19 315
12 864 17 0
22 397 4 394
27 401 6 341
29 328 21 236
19 978 11 0
3 801 7 0
11 811 3 0
39 94 16 72
26 110 11 112
6 789 4 125
1 737 11 71
29 360 23 250
24 927 13 0
23 258 11 263
15 526 7 362
36 346 6 277
7 202 16 80
34 672 13 234
6 884 8 0
13 161 8 165
12 685 6 248
7 996 21 0
29 967 8 0
16 872 10 0
31 208 7 158
36 646 11 247
16 196 5 250
6 495 15 117
36 231 22 183
35 162 22 133
5 763 16 76
30 165 7 136
35 245 6 194
33 267 17 207
17 613 17 341
24 377 20 304
29 708 11 222
32 104 8 78
39 597 22 274
28 806 4 0
13 96 12 81
12 795 2 163
23 586 1 330
10 842 7 0
30 919 8 0
4 475 9 72
12 214 3 174
18 321 6 350
13 735 21 179
38 249 14 199
14 998 14 0
21 142 21 146
25 26 15 80
15 757 17 275
11 170 3 155
11 460 5 296
13 705 9 184
26 729 14 253
10 911 12 0
28 402 22 298
23 366 12 300
10 993 21 0
19 844 14 0
21 524 13 341
14 660 4 343
22 902 22 0
38 835 3 0
32 89 8 73
8 670 5 190
29 506 10 276
24 188 9 193
37 124 3 99
16 415 22 350
9 746 15 71
16 186 12 194
4 664 22 84
2 390 22 75
36 685 8 228
37 356 8 244
38 673 19 234
10 228 15 85
12 850 8 0
22 783 13 260
34 707 4 272
28 634 20 274
4 762 17 73
26 752 20 241
11 685 13 151
31 26 23 74
32 179 15 146
23 587 22 331
39 427 13 274
11 228 11 98
17 850 10 0
4 750 21 75
25 689 17 270
1 98 17 72
7 407 8 144
14 574 14 332
23 241 2 249
24 863 2 0
1 592 17 73
33 853 17 0
36 872 14 0
6 392 8 127
10 799 6 140
4 775 17 73
23 841 11 0
25 991 15 0
22 33 16 69
2 242 19 67
23 971 16 0
7 318 5 165
18 133 20 133
31 616 13 264
28 258 5 247
4 17 11 74
13 533 4 333
24 119 22 114
7 909 21 0
11 813 4 0
2 319 8 76
17 853 4 0
5 764 13 79
8 617 6 203
28 556 9 290
26 967 12 0
24 483 3 369
22 179 21 187
25 443 11 321
37 27 9 67
36 215 17 171
27 538 4 368
35 73 8 73
20 234 11 248
3 258 5 71
16 519 11 349
34 781 1 199
11 729 21 125
7 286 19 96
18 571 2 376
33 197 9 158
17 716 11 290
19 313 2 332
4 269 3 74
38 595 20 275
7 436 12 141
23 703 3 319
14 137 22 140
32 228 15 179
1 114 20 75
12 82 18 75
34 969 23 0
14 488 21 303
16 920 19 0
39 972 14 0
19 675 11 308
23 88 4 73
20 441 23 345
1 706 23 76
15 934 9 0
17 635 4 382
24 573 22 328
24 129 23 131
38 719 9 213
14 256 17 229
35 862 21 0
13 809 19 0
24 966 19 0
37 717 7 251
4 354 8 80
32 273 11 210
5 436 18 86
29 722 2 253
7 430 17 142
4 802 16 0
13 98 18 83
23 178 18 186
33 770 11 200
11 474 4 316
28 523 8 294
11 937 16 0
2 169 1 78
19 282 9 287
37 731 2 237
15 758 14 275
14 872 2 0
1 617 11 76
15 189 9 193
27 904 11 0
11 518 19 236
29 348 19 242
36 77 14 70
4 531 14 73
32 808 22 0
6 322 3 160
36 584 20 275
12 935 19 0
18 741 9 279
3 246 18 69
23 259 3 294
15 110 5 111
15 613 7 364
38 749 14 200
13 930 13 0
1 690 11 79
33 347 20 239
2 172 8 78
28 366 16 266
23 39 15 72
24 801 20 0
5 459 22 105
27 640 6 329
20 523 21 348
12 362 14 211
16 316 9 300
2 844 19 0
17 256 3 316
27 904 19 0
16 191 21 199
19 293 2 306
37 94 7 80
26 411 22 316
16 556 18 350
25 761 5 317
5 938 18 0
6 543 23 133
21 737 11 274
17 291 10 291
20 61 8 72
10 113 9 78
36 476 3 318
5 981 17 0
8 231 16 72
3 210 14 70
4 832 20 0
15 841 2 0
9 469 5 256
11 745 6 177
8 317 8 109
3 213 19 70
28 209 16 182
12 208 22 146
20 272 22 281
14 441 4 366
11 964 21 0
39 769 1 200
7 158 20 81
21 602 19 337
15 672 13 309
6 775 20 80
10 146 20 101
36 766 19 199
14 718 18 265
38 225 17 179
39 585 4 339
5 495 23 101
19 312 20 298
37 710 16 217
14 86 11 77
2 61 17 68
34 656 2 254
25 24 8 79
23 968 17 0
14 164 3 217
11 818 15 0
24 897 2 0
39 628 14 257
20 79 11 70
37 725 5 266
8 68 3 78
3 768 2 74
12 854 18 0
20 826 16 0
3 395 19 74
24 513 23 328
1 853 11 0
12 105 21 89
4 34 16 72
37 357 10 244
28 848 16 0
30 435 22 274
27 536 20 301
39 241 23 191
22 106 1 88
15 323 3 348
1 453 18 68
27 862 12 0
16 23 16 72
34 196 19 157
17 383 22 336
15 999 10 0
32 103 2 77
5 40 7 80
6 326 13 120
6 265 19 93
2 75 21 70
36 955 13 0
37 576 19 275
15 287 18 292
38 467 20 274
19 351 3 359
33 289 8 216
27 589 17 304
2 687 4 80
10 711 19 121
17 771 10 275
24 286 4 314
13 183 9 176
12 686 19 174
29 957 16 0
33 897 6 0
5 529 9 107
36 456 8 275
17 586 8 350
25 53 17 79
19 484 6 418
20 826 21 0
34 693 1 224
9 369 5 202
35 509 22 275
23 54 12 72
4 522 10 72
6 418 6 144
14 416 2 380
27 111 18 111
12 326 21 188
25 778 22 245
3 498 19 70
10 731 3 149
24 784 19 253
28 103 14 89
2 609 13 75
26 232 12 217
20 785 14 274
30 368 6 290
38 665 17 238
27 509 8 301
6 855 14 0
9 752 6 161
28 927 7 0
32 93 10 73
19 206 4 263
9 652 4 186
15 187 11 195
5 964 3 0
18 952 2 0
22 425 9 338
29 126 3 137
39 290 15 215
15 47 11 76
21 637 11 313
37 72 10 69
31 539 11 274
8 918 9 0
15 377 22 332
17 55 7 76
4 135 8 78
11 673 12 179
1 237 21 66
39 645 8 248
18 762 15 275
17 287 19 289
5 914 10 0
5 698 6 130
19 515 19 350
6 836 14 0
21 859 8 0
13 627 19 245
22 222 14 229
9 130 17 77
24 604 18 323
9 89 8 71
20 217 13 226
38 28 15 66
10 55 16 68
23 97 20 72
9 979 7 0
1 382 15 76
37 654 9 243
32 865 2 0
6 503 18 129
6 166 9 81
24 852 15 0
32 373 22 254
9 903 14 0
1 743 5 71
15 725 11 286
21 51 13 68
26 732 2 269
14 951 8 0
1 857 19 0
8 551 23 163
33 395 6 314
26 668 4 347
37 621 7 294
1 988 12 0
37 882 8 0
2 782 21 67
39 155 23 128
33 617 9 264
33 211 19 167
33 691 12 225
34 515 19 275
23 999 23 0
7 562 15 144
20 619 11 331
6 147 14 83
28 802 6 0
13 972 13 0
27 989 10 0
5 346 19 111
22 524 14 336
27 938 10 0
5 83 23 79
35 385 7 274
33 322 20 227
2 110 15 74
17 256 13 277
6 361 2 145
33 975 18 0
19 475 13 350
28 73 21 80
2 740 16 71
27 497 18 306
21 617 16 323
10 853 12 0
13 52 12 83
32 596 3 315
7 885 17 0
17 628 9 332
22 456 8 337
34 143 10 117
36 304 4 246
27 405 21 304
7 340 21 127
39 976 11 0
8 900 23 0
23 356 4 353
27 683 21 260
16 529 21 349
23 372 9 305
18 850 16 0
13 302 1 188
38 423 10 275
11 269 4 228
24 535 13 324
3 754 15 71
6 799 4 133
13 877 6 0
9 758 20 68
2 687 21 80
9 912 11 0
39 385 20 263
32 281 2 215
2 711 9 75
31 618 11 263
20 196 22 204
21 983 23 0
24 112 14 105
26 292 12 262
13 944 16 0
20 741 20 277
36 438 1 274
19 837 20 0
32 813 20 0
12 231 19 127
3 764 13 70
25 50 12 79
11 823 8 0
8 868 4 0
16 158 14 165
37 655 15 243
37 94 17 72
6 168 15 79
29 878 20 0
12 172 22 153
35 883 21 0
1 289 21 70
23 488 8 331
16 792 10 275
27 527 4 352
20 701 8 296
16 948 13 0
9 91 20 72
4 283 16 74
13 608 19 265
7 61 5 77
20 793 17 270
35 465 4 337
17 329 12 305
35 74 5 70
7 585 1 144
34 907 15 0
12 182 7 137
15 821 12 0
1 662 22 83
29 549 17 287
14 640 14 268
11 376 4 254
34 84 16 71
8 49 7 76
16 396 5 418
38 617 18 264
34 978 16 0
7 814 21 0
15 711 14 292
23 738 10 264
1 22 14 66
39 442 6 318
9 537 23 190
16 512 23 350
22 276 14 271
37 863 4 0
24 926 21 0
4 737 7 78
8 699 16 105
17 495 6 406
36 95 6 75
20 878 10 0
12 353 5 280
31 971 7 0
19 513 3 410
26 261 11 247
36 77 21 70
16 861 12 0
15 841 4 0
34 592 23 275
38 732 11 208
18 878 11 0
12 513 3 306
21 989 4 0
22 987 7 0
35 735 17 206
36 810 5 0
4 979 19 0
34 982 20 0
2 179 11 76
16 895 6 0
38 946 20 0
25 806 8 0
23 117 20 110
31 740 15 204
14 240 6 287
23 637 21 302
37 126 15 101
3 216 17 71
21 992 9 0
16 811 21 0
33 103 23 76
36 217 9 172
30 411 9 274
12 146 6 185
29 958 2 0
32 208 9 164
13 474 2 309
30 252 22 201
1 147 7 80
4 14 20 75
19 393 15 344
3 504 22 69
38 269 3 222
14 788 11 250
30 802 6 0
20 147 1 152
10 732 17 88
12 132 7 138
10 916 11 0
15 370 2 352
29 185 13 148
36 180 13 146
25 526 8 319
28 915 1 0
33 56 21 71
3 771 13 70
8 586 22 163
15 267 17 283
19 769 21 275
16 417 20 350
15 337 14 309
16 546 14 349
14 78 9 79
9 637 1 157
4 903 20 0
9 502 4 253
23 958 20 0
20 522 16 346
29 533 19 286
7 607 23 138
32 273 11 211
19 670 8 310
38 768 17 199
19 363 10 323
32 191 23 154
26 898 18 0
13 730 12 186
5 718 14 97
2 495 8 71
34 707 20 218
10 78 8 71
17 152 14 158
13 486 6 330
20 646 22 316
16 281 23 288
20 422 16 345
39 174 9 142
24 291 16 271
28 850 17 0
14 662 7 326
4 731 18 72
16 141 18 144
20 342 22 305
33 795 2 206
5 505 23 86
15 441 11 350
31 615 8 264
7 733 3 132
6 207 5 114
33 829 22 0
25 36 22 80
15 624 20 334
7 312 12 117
20 118 22 110
18 989 19 0
9 776 3 120
37 985 9 0
1 862 7 0
25 914 14 0
6 236 17 82
28 920 19 0
1 534 23 67
11 741 15 116
17 526 6 421
29 881 5 0
32 980 16 0
13 668 9 212
31 450 9 274
36 969 17 0
19 279 20 286
1 924 11 0
7 252 15 77
17 171 5 218
12 882 21 0
21 376 4 388
16 763 17 275
11 629 21 214
19 671 7 337
2 114 15 75
36 238 9 189
3 939 23 0
2 782 10 67
2 830 16 0
3 964 11 0
25 494 9 320
28 315 17 253
28 204 12 174
14 902 7 0
20 260 2 306
33 156 23 128
28 313 3 279
31 180 8 146
2 445 21 69
28 356 4 302
11 829 20 0
11 262 23 121
5 213 9 76
21 13 3 78
24 525 2 349
21 214 5 275
21 725 16 277
2 608 10 75
23 32 19 73
2 227 4 68
6 852 8 0
30 742 15 204
25 35 4 79
30 36 13 77
22 196 23 203
9 604 2 205
5 671 22 84
34 974 10 0
19 361 10 322
39 530 20 274
2 603 5 74
11 933 9 0
4 853 8 0
5 222 22 79
26 486 18 309
1 359 12 80
30 934 6 0
31 229 8 179
29 213 4 186
27 924 9 0
19 143 2 160
27 693 16 258
14 216 16 215
27 862 4 0
5 964 13 0
16 866 6 0
29 148 10 128
31 34 14 74
29 382 6 309
37 73 9 70
3 516 20 70
13 608 3 306
11 445 13 230
15 45 4 75
37 132 7 109
33 188 5 152
6 329 12 127
24 401 4 389
39 382 19 261
6 493 7 159
11 281 15 138
11 292 10 141
32 840 5 0
13 253 14 198
18 418 9 350
32 55 14 74
39 555 14 274
33 990 22 0
30 600 16 274
32 803 6 0
14 540 4 427
22 335 15 291
32 580 19 274
27 277 17 243
1 342 22 82
35 57 2 69
37 870 15 0
6 601 1 131
33 297 19 218
35 56 22 69
1 692 6 79
25 487 14 321
21 540 12 341
24 836 19 0
20 543 18 349
34 859 3 0
23 715 13 270
39 307 21 221
4 852 6 0
17 861 2 0
11 434 7 251
20 863 2 0
2 253 18 69
17 340 4 367
24 470 4 397
5 155 23 81
28 833 7 0
26 807 5 0
29 50 20 79
18 942 21 0
25 67 20 78
39 905 20 0
34 604 5 328
19 398 6 389
4 241 20 73
36 579 5 335
7 79 12 79
1 541 9 68
4 682 19 81
18 898 20 0
3 474 5 71
19 379 15 333
1 906 3 0
31 319 13 226
11 789 17 107
10 586 4 265
17 526 3 401
23 56 11 71
38 915 11 0
39 524 10 275
11 942 1 0
6 327 13 125
31 521 8 275
29 635 7 287
32 76 13 73
24 150 9 158
3 960 7 0
37 576 6 309
8 51 23 71
30 335 13 233
22 294 16 278
33 167 15 137
1 399 9 74
7 438 14 147
35 66 6 82
38 840 21 0
25 610 18 314
22 914 1 0
1 363 4 79
21 36 8 71
19 657 13 317
38 130 14 105
15 466 13 350
34 122 22 97
2 769 19 67
12 154 20 141
25 673 10 276
39 607 16 270
16 642 5 408
18 993 20 0
32 626 1 258
15 921 17 0
15 347 11 314
30 389 11 266
31 159 4 131
1 601 8 74
11 559 5 305